Chosen threshold: 0.86
{
  "threshold": 0.86,
  "precision_1": 0.9931506849315068,
  "recall_1": 0.9294871794871795,
  "f1_1": 0.9602649006622517,
  "precision_0": 0.9055793991416309,
  "recall_0": 0.9906103286384976,
  "f1_0": 0.9461883408071748
}